156706
159011
156698
159009
159249
156715
159096
159255
159013
156700
156472
157424
157789
158501
159106
159320
158382
159246
158643
159014
159012
159098
159375
156709
159318
159370
158996
159105
159367
157030
157995
159015
157467
158381
157032
157828
159157
157455
159323
158999
158239
157880
158377
157462
159324
157035
159365
158829
158365
158637
157979
158654
157034
158363
159104
157873
158652
159322
159165
156713
157779
156705
159521
158806
157857
159356
159347
157875
159257
159260
158364
158617
157778
158360
159353
159326
159173
159261
159256
158567
158554
159091
157986
159364
157989
157807
158641
159099
158614
157667
158847
157987
158564
157457
158208
157434
158827
159156
156699
158361
