156434
156443
156446
156477
156483
156518
156582
156594
156596
156597
156632
156734
156745
156765
156770
156792
156793
156796
156797
156823
156838
157026
157427
157447
157451
157643
157703
157753
157771
157777
157881
157886
157927
157981
158002
158003
158011
158012
158030
158031
158047
158056
158058
158217
158221
158238
158241
158353
158561
158587
158597
158618
158626
158629
158634
158645
158648
158667
158765
158804
158884
158889
158895
158933
158944
158947
158950
158963
159118
159224
159348
159392
159463
159470
159474
159478
159493
159535
159551
159557
159579
159581
159590
159604
159733
159735
159738
159741
159745
159787
159812
159814
159820
159824
159826
159843
159847
159854
159859
159876
