156434
156441
156443
156445
156446
156447
156451
156452
156453
156458
156461
156462
156467
156472
156474
156475
156476
156477
156481
156482
156483
156484
156485
156487
156489
156512
156513
156515
156516
156517
156518
156519
156520
156580
156581
156582
156583
156584
156585
156586
156587
156589
156591
156592
156593
156594
156595
156596
156597
156598
156599
156600
156601
156602
156603
156604
156630
156631
156632
156698
156699
156700
156705
156706
156709
156713
156715
156733
156734
156735
156739
156745
156748
156756
156758
156762
156763
156765
156766
156767
156768
156769
156770
156772
156773
156774
156776
156777
156778
156780
156781
156782
156783
156784
156786
156787
156788
156789
156790
156791
156792
156793
156794
156795
156796
156797
156798
156799
156800
156802
156803
156806
156823
156824
156825
156826
156828
156830
156831
156832
156833
156834
156835
156836
156837
156838
156923
156924
157003
157018
157019
157020
157022
157026
157030
157031
157032
157034
157035
157036
157037
157277
157282
157283
157284
157375
157411
157417
157418
157424
157425
157427
157429
157433
157434
157435
157442
157447
157449
157451
157455
157457
157459
157462
157467
157640
157642
157643
157644
157649
157650
157654
157655
157659
157660
157665
157666
157667
157672
157675
157687
157690
157698
157701
157702
157703
157714
157717
157753
157754
157767
157769
157770
157771
157777
157778
157779
157784
157789
157790
157796
157807
157826
157828
157854
157857
157866
157868
157869
157873
157875
157880
157881
157882
157883
157884
157886
157889
157912
157927
157976
157978
157979
157981
157982
157983
157984
157985
157986
157987
157989
157990
157991
157992
157993
157994
157995
157996
157997
158000
158001
158002
158003
158005
158011
158012
158019
158024
158025
158026
158028
158029
158030
158031
158032
158033
158034
158036
158037
158041
158046
158047
158048
158049
158050
158051
158053
158056
158057
158058
158206
158208
158212
158213
158216
158217
158218
158219
158220
158221
158222
158223
158224
158225
158226
158227
158232
158236
158238
158239
158241
158242
158249
158251
158349
158353
158354
158355
158360
158361
158363
158364
158365
158366
158370
158377
158379
158381
158382
158386
158388
158389
158390
158393
158394
158395
158396
158397
158501
158517
158548
158552
158554
158557
158558
158560
158561
158562
158564
158565
158567
158571
158573
158574
158576
158578
158579
158580
158582
158583
158584
158585
158586
158587
158588
158589
158591
158592
158594
158595
158596
158597
158599
158604
158605
158608
158611
158614
158617
158618
158619
158620
158621
158622
158624
158625
158626
158629
158633
158634
158635
158637
158638
158641
158643
158645
158648
158650
158652
158654
158667
158668
158691
158746
158759
158760
158763
158765
158789
158799
158800
158802
158803
158804
158805
158806
158807
158808
158810
158811
158812
158814
158827
158829
158833
158847
158876
158882
158884
158889
158890
158891
158892
158893
158894
158895
158896
158898
158908
158909
158910
158914
158915
158916
158918
158919
158920
158929
158930
158931
158932
158933
158934
158935
158940
158943
158944
158945
158946
158947
158950
158951
158954
158956
158957
158960
158963
158964
158996
158999
159005
159009
159011
159012
159013
159014
159015
159036
159091
159096
159098
159104
159105
159106
159110
159116
159118
159119
159122
159156
159157
159165
159173
159224
159231
159233
159240
159246
159249
159251
159254
159255
159256
159257
159258
159260
159261
159262
159264
159318
159320
159322
159323
159324
159326
159341
159347
159348
159349
159350
159352
159353
159356
159362
159363
159364
159365
159367
159368
159370
159371
159372
159373
159374
159375
159376
159377
159378
159379
159381
159382
159387
159389
159392
159394
159395
159396
159397
159398
159400
159422
159423
159430
159436
159462
159463
159464
159468
159470
159471
159472
159473
159474
159475
159476
159478
159482
159483
159493
159494
159495
159496
159497
159498
159499
159501
159503
159505
159506
159507
159508
159520
159521
159535
159536
159543
159550
159551
159552
159557
159559
159564
159573
159574
159575
159576
159577
159578
159579
159581
159582
159583
159584
159585
159586
159588
159590
159592
159595
159596
159597
159599
159602
159604
159605
159609
159733
159735
159738
159741
159742
159743
159745
159746
159752
159753
159756
159769
159773
159774
159778
159780
159781
159782
159787
159803
159804
159806
159808
159809
159811
159812
159813
159814
159815
159816
159817
159818
159820
159823
159824
159825
159826
159827
159829
159830
159831
159832
159833
159842
159843
159844
159845
159846
159847
159849
159853
159854
159856
159859
159863
159874
159875
159876
