117383
117385
117387
117389
117390
117392
117393
117394
117395
117396
117398
117400
117401
117402
117403
117405
117406
117408
117410
117419
117420
117428
117434
117436
117437
117438
117439
117440
117441
117442
117446
117447
117450
117451
117452
117453
117454
117455
117456
117457
117459
117460
117461
117462
117463
117464
117465
117474
117475
117477
117479
117480
117481
117483
117484
117485
117486
117487
117488
117489
117492
117493
117494
117495
117496
117497
117498
117500
117501
117502
117504
117506
117508
117509
117510
117511
117512
117523
117527
117536
117537
117538
117539
117548
117549
117553
117554
117555
117556
117557
117558
117559
117560
117561
117562
117563
117564
117565
117566
117567
117568
117569
117570
117572
117574
117575
117576
117577
117579
117580
117583
117586
117587
117588
117589
117590
117591
117598
117600
117601
117604
117606
117609
117610
117611
117612
117613
117614
117615
117616
117619
117620
117627
117630
117631
117632
117636
117637
117638
117639
117642
117643
117644
117645
117646
117648
117649
117650
117651
117652
117653
117654
117655
117656
117658
117659
117661
117662
117666
117667
117668
117669
117670
117671
117672
117673
117674
117675
117676
117677
117678
117679
117680
117681
117682
117683
117684
117685
117686
117687
117689
117690
117691
117695
117696
117697
117698
117699
117700
117701
117704
117705
117706
117707
117709
117718
117720
117721
117722
117723
117725
117726
117728
117729
117730
117731
117732
117733
117735
117736
117737
117740
117743
117744
117745
117746
117747
117748
117749
117750
117752
117753
117754
117760
117761
117762
117765
117766
117767
117771
117775
117776
117780
117782
117783
117784
117785
117787
117788
117789
117790
117791
117793
117794
117795
117799
117801
117802
117804
117805
117807
117816
117819
117821
117822
117823
117824
117826
117827
117828
117829
117830
117832
117833
117834
117835
117836
117837
117838
117843
117844
117845
117847
117848
117850
117851
117852
117853
117854
117856
117857
117858
117859
117860
117861
117863
117864
117867
117868
117869
117870
117873
117875
117876
117878
117879
117880
117881
117882
117885
117888
117889
117891
117892
117897
117898
117900
117903
117904
117916
117917
117919
117920
117921
117922
117923
117924
117925
117944
117945
117946
117947
117948
117949
117950
117952
117957
117958
117959
117960
117961
117962
117963
117964
117965
117966
117967
117969
117971
117972
117973
117974
117975
117976
117977
117978
117979
117980
117983
117985
117989
117990
117991
117993
117994
117995
117996
117997
117998
118006
118007
118008
118009
118010
118012
118013
118014
118016
118017
118018
118019
118020
118021
118022
118023
118024
118025
118027
118028
118034
118039
118044
118046
118047
118048
118052
118053
118057
118058
118060
118061
118062
118063
118064
118066
118067
118068
118069
118070
118073
118076
118077
118078
118081
118082
118083
118085
118086
118087
118088
118089
118090
118091
118095
118096
118097
118098
118195
118197
118207
118210
118214
118218
118219
118225
118226
118232
118235
118238
118242
118258
118260
118261
118263
118276
118306
118307
118310
118311
118313
118314
118315
118319
118321
118322
118324
118326
118327
118328
118329
118330
118331
118332
118333
118334
118335
118337
118338
118339
118340
118341
118342
118345
118346
118347
118348
118349
118350
118351
118352
118353
118354
118355
118356
118357
118358
118359
118360
118361
118362
118363
118364
118365
118366
118377
118378
118379
118380
118381
118382
118383
118384
118385
118386
118387
118388
118389
118390
118391
118392
118393
118394
118395
118396
118397
118399
118400
118401
118402
118404
118405
118406
118407
118409
118410
118411
118412
118413
118414
118415
118416
118417
118418
118420
118423
118433
118434
118446
118448
118450
118454
118455
118457
118458
118459
118460
118461
118468
118469
118470
118471
118472
118473
118478
118479
118480
118481
118483
118484
118485
118493
118494
118495
118496
118497
118498
118499
118501
118502
118503
118504
118505
118506
118507
118519
118520
118521
118522
118523
118525
118526
118527
118528
118529
118530
118532
118533
118534
118535
118536
118537
118538
118539
118540
118541
118542
118544
118545
118548
118549
118550
118551
118554
118555
118556
118557
118558
118559
118560
118561
118562
118563
118565
118566
118567
118568
118570
118571
118572
118573
118574
118575
118577
118578
118579
118580
118593
118594
118595
118596
118597
118598
118599
118600
118601
118602
118603
118604
118606
118607
118608
118609
118610
118611
118612
118613
118614
118615
118616
118617
118618
118619
118620
118621
118622
118623
118624
118625
118626
118627
118628
118629
118631
118632
118633
118634
118638
118640
118642
118643
118644
118645
118646
118648
118649
118652
118653
118654
118655
118656
118657
118658
118668
118670
118671
118672
118676
118677
118678
118680
118681
118682
118685
118686
118687
118688
118692
118693
118694
118695
118696
118698
118705
118706
118709
118710
118711
118713
118716
118717
118729
118730
118732
118734
118736
118737
118738
118739
118740
118743
118744
118756
118757
118771
118772
118773
118774
118776
118777
118778
118779
118780
118781
118785
118787
118788
118790
118794
118805
118806
118807
118808
118809
118855
118856
118858
118859
118860
118861
118862
118863
118864
118865
118866
118867
118870
118871
118874
118878
118880
118881
118882
118883
118887
118902
118903
118904
118905
118907
118927
118928
118929
118930
118931
118932
118933
118934
118935
118936
118937
118941
118982
119004
119006
119007
119008
119009
119010
119011
119078
119079
119080
119082
119083
119085
119087
119088
119136
119151
119152
119153
119154
119155
119156
119157
119158
119159
119160
119161
119162
119206
119238
119239
119240
119241
119242
119243
119244
119245
119246
119247
119248
119249
119250
119251
119252
119253
119254
119255
119256
119257
119260
119265
119266
119267
119280
119281
119292
119326
119327
119328
119329
119332
119333
119341
119351
119406
119408
119409
119410
119411
119412
119413
119414
119415
119416
119419
119422
119484
119485
119486
119487
119488
119489
119491
119492
119493
119526
119546
119547
119548
119549
119550
119551
119552
119597
119598
119599
119601
119602
119603
119604
119605
119623
119627
119650
119651
119652
119653
119654
119655
119656
119657
119658
119659
119677
119678
119684
119692
119694
119724
119725
119726
119727
119728
119729
119777
119778
119779
119780
119781
119782
119783
119786
119826
119836
119837
119838
119839
119840
119841
119842
119843
119899
119900
119901
119959
119960
119961
119962
120018
120019
120020
120021
120022
120023
120024
120025
120077
120078
120081
120130
120131
120132
120134
120135
120137
120138
120139
120140
120141
120142
120143
120144
120145
120146
120147
120148
120149
120150
120151
120152
120154
120155
120156
120157
120158
120159
120160
120161
120162
120164
120165
120166
120167
120168
120191
120192
120193
120194
120195
120197
120199
120200
120201
120204
120205
120206
120234
120262
120263
120264
120265
120266
120267
120315
120316
120317
120318
120319
120347
120351
120386
120387
120388
120393
120394
120395
120396
120397
120398
120399
120400
120401
120402
120403
120404
120432
120449
120473
120474
120476
120478
120479
120480
120481
120486
120556
120557
120558
120565
120598
120867
120875
120876
120883
120894
120908
120910
120911
120914
120915
120917
120918
120919
120920
120921
120922
120923
120924
120925
120926
120927
120928
120929
120930
120932
120933
120934
120935
120936
120937
120939
120940
120941
120942
120943
120944
120945
120946
120947
120948
120949
120950
120951
120952
120954
120955
120956
120957
120961
120962
120963
120964
120965
120966
120981
120982
120984
120987
120998
121001
121003
121004
121006
121007
121009
121012
121014
121016
121017
121018
121019
121020
121021
121024
121025
121026
121028
121029
121030
121031
121032
121033
121036
121038
121040
121041
121042
121045
121046
121047
121048
121049
121051
121052
121053
121054
121055
121057
121058
121059
121060
121061
121062
121063
121064
121066
121067
121068
121069
121071
121074
121075
121076
121077
121078
121080
121082
121083
121084
121085
121086
121087
121088
121090
121091
121092
121093
121094
121095
121096
121097
121100
121101
121102
121103
121104
121105
121121
121122
121123
121124
121125
121126
121127
121128
121130
121131
121132
121133
121134
121135
121136
121137
121138
121139
121142
121143
121144
121145
121146
121147
121149
121150
121151
121152
121154
121155
121156
121157
121160
121162
121163
121164
121165
121166
121167
121168
121169
121170
121171
121172
121173
121174
121175
121176
121177
121178
121182
121183
121184
121185
121186
121187
121188
121189
121190
121191
121192
121193
121195
121196
121197
121198
121199
121200
121201
121202
121203
121204
121205
121206
121207
121208
121210
121211
121212
121213
121214
121215
121216
121217
121218
121219
121220
121221
121222
121226
121227
121228
121229
121230
121231
121233
121234
121235
121236
121237
121238
121239
121240
121241
121260
121261
121262
121263
121265
121266
121267
121268
121269
121270
121271
121272
121273
121274
121276
121277
121278
121279
121280
121281
121284
121285
121286
121287
121288
121289
121290
121291
121292
121295
121297
121298
121299
121300
121301
121302
121303
121304
121305
121306
121307
121308
121312
121313
121315
121317
121318
121319
121320
121321
121322
121323
121324
121330
121332
121333
121335
121336
121337
121338
121339
121340
121341
121349
121350
121352
121354
121355
121356
121357
121358
121359
121360
121361
121371
121377
121395
121444
121445
121463
121465
121466
121467
121468
121513
121529
121530
121555
121556
121557
121558
121559
121560
121561
121562
121648
121649
121656
121657
121658
121659
121660
121661
121662
121664
121665
121667
121693
121696
121698
121709
121716
121719
121720
121723
121734
121742
121744
121751
121752
121753
121754
121755
121756
121811
121822
121831
121832
121833
121834
121835
121836
121838
121839
121840
121905
121906
121907
121908
121910
121918
121919
121920
121921
121922
121923
121924
121925
121926
121927
121928
121929
121930
121931
121932
121933
121947
121971
121972
121992
122004
122006
122010
122011
122013
122014
122015
122016
122017
122018
122019
122020
122041
122069
122081
122082
122083
122084
122085
122086
122087
122088
122089
122090
122091
122127
122148
122149
122157
122158
122160
122161
122162
122163
122164
122165
122166
122167
122169
122170
122171
122172
122173
122192
122193
122223
122224
122225
122226
122227
122228
122232
122243
122262
122263
122264
122265
122266
122277
122297
122298
122299
122309
122310
122311
122312
122323
122324
122325
122326
122327
122328
122329
122331
122332
122339
122392
122393
122394
122395
122397
122434
122435
122437
122450
122458
122459
122460
122461
122463
122493
122495
122496
122509
122529
122530
122531
122532
122574
122576
122583
122584
122585
122586
122587
122588
122595
122600
122601
122611
122658
122666
122667
122668
122669
122671
122672
122673
122674
122697
122698
122703
122707
122708
122709
122710
122714
122715
122716
122717
122718
122719
122720
122721
122722
122723
122724
122728
122729
122730
122731
122732
122733
122734
122735
122736
122737
122738
122739
122740
122753
122754
122755
122760
122761
122763
122764
122766
122767
122768
122769
122770
122771
122772
122773
122774
122775
122776
122777
122779
122780
122782
122804
122817
122818
122819
122821
122823
122824
122825
122826
122827
122828
122829
122830
122831
122832
122845
122847
122848
122849
122850
122851
122852
122855
122857
122859
122861
122862
122863
122864
122865
122866
122868
122871
122873
122876
122877
122879
122880
122881
122884
122885
122890
122891
122892
122894
122895
122896
122897
122898
122900
122907
122923
122936
122941
122942
122943
122945
122947
122949
122950
122953
122954
122955
122956
122957
122958
122964
122985
122989
122995
123005
123006
123007
123008
123009
123011
123012
123016
123017
123019
123023
123029
123069
123089
123090
123091
123092
123095
123110
123112
123123
123149
123150
123151
123153
123154
123159
123168
123175
123176
123191
123194
123195
123197
123198
123199
123200
123201
123202
123203
123210
123211
123218
123223
123224
123225
123226
123227
123228
123229
123231
123235
123236
123237
123238
123239
123240
123263
123299
123301
123302
123303
123304
123305
123306
123307
123308
123309
123310
123311
123313
123314
123325
123326
123330
123331
123335
123337
123347
123349
123372
123373
123374
123375
123376
123377
123378
123379
123380
123383
123384
123385
123386
123387
123388
123390
123393
123427
123431
123432
123449
123456
123457
123458
123459
123460
123463
123527
123528
123534
123541
123543
123544
123577
123581
123582
123583
123585
123586
123589
123593
123616
123626
123627
123628
123629
123630
123631
123632
123634
123635
123636
123639
123641
123642
123651
123657
123659
123660
123691
123692
123693
123694
123695
123696
123698
123699
123700
123701
123703
123705
123706
123707
123708
123713
123714
123715
123717
123727
123728
123735
123737
123739
123740
123742
123743
123744
123745
123753
123754
123762
123763
123764
123765
123766
123767
123768
123769
123770
123771
123773
123774
123775
123776
123777
123778
123779
123780
123781
123782
123783
123785
123786
123787
123788
123789
123790
123791
123792
123793
123794
123795
123796
123798
123799
123800
123823
123824
123825
123826
123827
123828
123829
123830
123831
123832
123833
123834
123836
123843
123844
123848
123849
123850
123851
123852
123853
123854
123868
123870
123871
123875
123877
123881
123886
123890
123891
123892
123893
123894
123895
123896
123897
123898
123899
123900
123901
123902
123903
123904
123905
123906
123907
123912
123918
123923
123926
123928
123938
123939
123940
123941
123942
123943
123944
123945
123946
123947
123948
123949
123952
123955
123956
123957
123958
123959
123960
123961
123962
123963
123964
123965
123966
123967
123969
123971
123977
123979
123980
123981
123982
123983
123984
123998
123999
124000
124001
124009
124017
124018
124027
124028
124029
124030
124031
124032
124036
124037
124038
124039
124041
124042
124045
124052
124053
124055
124057
124059
124063
124066
124070
124071
124072
124073
124074
124075
124076
124077
124082
124083
124086
124089
124092
124093
124097
124108
124117
124118
124122
124123
124124
124125
124126
124127
124128
124129
124130
124131
124132
124133
124134
124135
124136
124137
124144
124145
124146
124147
124148
124149
124150
124151
124152
124158
124159
124160
124161
124162
124169
124170
124171
124175
124178
124182
124185
124186
124189
124190
124191
124193
124204
124212
124213
124214
124218
124219
124220
124222
124223
124228
124229
124231
124232
124234
124235
124236
124237
124238
124239
124240
124241
124242
124255
124261
124262
124469
124477
124502
124507
124508
124509
124510
124511
124514
124518
124519
124535
124539
124548
124552
124556
124558
124561
124562
124563
124565
124567
124570
124572
124577
124578
124581
124582
124584
124585
124586
124588
124590
124593
124609
124610
124611
124612
124618
124621
124622
124624
124625
124627
124628
124630
124631
124632
124635
124636
124638
124639
124641
124642
124645
124647
124650
124651
124652
124655
124656
124658
124660
124663
124665
124666
124667
124668
124669
124671
124672
124673
124674
124675
124676
124677
124678
124686
124687
124690
124692
124693
124694
124695
124696
124699
124700
124702
124703
124704
124705
124706
124707
124708
124709
124710
124711
124712
124713
124715
124716
124717
124718
124719
124721
124722
124724
124725
124726
124728
124729
124730
124731
124732
124738
124742
124743
124744
124745
124750
124751
124752
124755
124756
124757
124758
124759
124762
124763
124765
124767
124768
124771
124772
124773
124774
124775
124776
124777
124778
124779
124780
124781
124782
124783
124784
124785
124786
124787
124788
124789
124790
124791
124792
124793
124794
124795
124796
124797
124798
124799
124800
124801
124802
124803
124804
124805
124806
124807
124808
124809
124810
124811
124812
124813
124814
124815
124816
124817
124818
124819
124820
124821
124822
124823
124824
124825
124826
124827
124828
124829
124830
124831
124832
124833
124834
124835
124836
124837
124906
124909
124913
124917
124918
124922
124924
124925
124926
124927
124928
124929
124930
124931
124932
124933
124934
124935
124937
124938
124939
124941
124942
124943
124944
124945
124946
124947
124948
124950
124951
124952
124953
124954
124955
124956
124957
124958
124959
124960
124961
124962
124963
124965
124966
124967
124968
124969
124970
124972
124973
124974
124975
124976
124977
124979
124980
124981
125024
125025
125026
125027
125028
125029
125030
125031
125032
125033
125034
125037
125038
125041
125042
125043
125044
125045
125048
125049
125050
125051
125052
125053
125054
125055
125056
125057
125058
125059
125060
125061
125062
125063
125064
125065
125074
125076
125083
125094
125105
125106
125107
125108
125109
125110
125111
125112
125115
125116
125117
125125
125129
125130
125135
125137
125142
125144
125149
125151
125154
125163
125230
125231
125232
125233
125235
125241
125242
125243
125244
125245
125254
125256
125259
125263
125267
125270
125272
125273
125275
125277
125292
125293
125316
125317
125318
125321
125322
125323
125326
125327
125328
125329
125331
125336
125337
125338
125359
125360
125361
125365
125366
125369
125372
125375
125376
125377
125379
125380
125381
125382
125383
125384
125385
125386
125387
125388
125389
125390
125391
125392
125393
125394
125395
125396
125397
125398
125399
125403
125417
125418
125421
125422
125423
125424
125425
125426
125427
125428
125429
125431
125432
125433
125434
125435
125436
125437
125438
125439
125440
125441
125442
125443
125444
125445
125446
125451
125452
125453
125456
125457
125458
125460
125461
125462
125469
125471
125472
125473
125474
125477
125478
125479
125480
125481
125482
125483
125484
125485
125486
125487
125488
125489
125490
125491
125492
125493
125494
125495
125496
125497
125498
125499
125500
125501
125502
125503
125504
125505
125509
125514
125526
125529
125531
125532
125533
125534
125536
125537
125538
125541
125542
125544
125545
125546
125548
125551
125552
125553
125554
125558
125559
125560
125561
125562
125563
125564
125570
125571
125573
125583
125584
125585
125586
125590
125604
125643
125644
125645
125646
125647
125648
125649
125650
125651
125652
125653
125654
125655
125656
125658
125659
125660
125661
125672
125678
125679
125680
125681
125682
125683
125685
125686
125687
125688
125689
125690
125691
125692
125693
125694
125695
125696
125697
125698
125699
125700
125701
125702
125703
125704
125705
125706
125707
125708
125709
125713
125714
125715
125716
125717
125718
125720
125721
125722
125723
125724
125726
125727
125728
125730
125731
125732
125734
125736
125737
125738
125739
125740
125741
125744
125745
125746
125747
125748
125749
125760
125762
125766
125767
125770
125774
125775
125776
125777
125778
125779
125780
125781
125782
125783
125784
125785
125786
125787
125788
125789
125790
125791
125792
125793
125795
125796
125798
125799
125800
125801
125802
125836
125907
125947
125958
125968
126026
126027
126028
126031
126032
126035
126038
126040
126041
126043
126044
126046
126047
126048
126049
126051
126052
126053
126054
126077
126078
126082
126083
126084
126085
126086
126087
126090
126091
126093
126094
126095
126096
126097
126098
126099
126101
126102
126103
126104
126106
126109
126110
126112
126113
126114
126115
126116
126117
126118
126119
126120
126121
126122
126129
126130
126131
126132
126133
126134
126135
126136
126137
126138
126148
126151
126152
126156
126157
126160
126161
126162
126163
126164
126165
126166
126167
126168
126169
126170
126171
126172
126173
126174
126185
126186
126187
126188
126189
126190
126191
126192
126193
126194
126195
126205
126206
126207
126210
126216
126224
126232
126233
126234
126235
126237
126238
126239
126241
126243
126250
126257
126260
126261
126269
126311
126318
126321
126329
126330
126348
126352
126370
126371
126372
126374
126375
126376
126380
126381
126382
126383
126384
126386
126387
126389
126392
126393
126394
126395
126396
126398
126415
126445
126446
126452
126456
126457
126464
126465
126466
126467
126473
126474
126475
126476
126477
126478
126479
126481
126555
126558
126564
126565
126582
126584
126585
126586
126587
126589
126594
126596
126599
126600
126602
126603
126604
126605
126607
126609
126610
126612
126617
126619
126626
126627
126629
126648
126705
126708
126711
126714
126715
126718
126719
126720
126721
126722
126723
126724
126726
126727
126729
126730
126732
126733
126734
126735
126736
126737
126738
126740
126741
126742
126744
126745
126746
126747
126748
126749
126750
126753
126754
126755
126756
126757
126758
126760
126761
126762
126764
126765
126766
126767
126771
126772
126773
126774
126775
126776
126777
126778
126779
126780
126781
126785
126786
126787
126789
126790
126791
126792
126793
126794
126797
126798
126802
126803
126812
126813
126815
126817
126818
126823
126899
126902
126903
126904
126913
126914
126949
126961
126972
126973
126975
126976
126977
126978
126979
126980
126981
126982
126989
126993
126994
126996
126998
126999
127000
127001
127002
127004
127005
127006
127007
127008
127009
127010
127011
127012
127013
127014
127017
127018
127020
127022
127023
127025
127033
127034
127035
127056
127063
127064
127065
127069
127070
127071
127073
127075
127077
127097
127098
127099
127100
127101
127103
127104
127105
127106
127118
127153
127154
127160
127161
127167
127178
127180
127182
127183
127192
127205
127206
127207
127208
127233
127260
127270
127271
127272
127273
127289
127290
127291
127292
127293
127300
127302
127303
127312
127314
127315
127318
127321
127331
127336
127346
127352
127356
127376
127378
127379
127380
127387
127389
127391
127399
127400
127402
127404
127413
127414
127417
127418
127419
127421
127422
127423
127424
127433
127437
127441
127445
127447
127448
127449
127450
127452
127453
127458
127461
127462
127464
127466
127467
127469
127470
127478
127501
127502
127504
127506
127512
127516
127518
127520
127525
127526
127527
127528
127529
127530
127531
127532
127546
127563
127573
127575
127577
127600
127609
127610
127611
127612
127613
127627
127632
127696
127697
127699
127702
127703
127708
127712
127713
127723
127724
127725
127726
127727
127728
127729
127749
127750
127751
127753
127755
127757
127758
127759
127760
127761
127762
127763
127764
127765
127766
127767
127768
127769
127770
127771
127773
127774
127778
127781
127782
127784
127785
127786
127787
127788
127789
127790
127791
127792
127794
127797
127802
127804
127805
127806
127807
127823
127824
127825
127826
127841
127863
128053
128054
128055
128056
128057
128087
128112
128113
128114
128116
128120
128121
128122
128124
128125
128128
128130
128132
128133
128135
128137
128139
128141
128143
128144
128145
128146
128147
128148
128149
128150
128151
128152
128154
128156
128158
128173
128188
128189
128191
128192
128220
128222
128225
128226
128227
128228
128230
128245
128253
128254
128265
128269
128270
128272
128273
128274
128285
128286
128287
128288
128289
128290
128291
128292
128293
128294
128295
128296
128297
128299
128327
128328
128333
128334
128335
128336
128337
128338
128339
128341
128378
128379
128380
128381
128387
128388
128389
128390
128410
128421
128422
128423
128424
128425
128426
128427
128434
128438
128452
128460
128465
128474
128486
128487
128488
128490
128494
128495
128498
128500
128501
128503
128504
128505
128506
128507
128508
128510
128511
128519
128528
128541
128545
128548
128551
128571
128572
128579
128580
128581
128582
128583
128584
128585
128586
128604
128605
128606
128617
128618
128619
128620
128624
128628
128629
128630
128631
128634
128635
128639
128640
128641
128642
128648
128652
128654
128657
128659
128661
128665
128669
128676
128677
128679
128680
128681
128683
128693
128694
128695
128696
128697
128698
128751
128752
128753
128754
128755
128756
128757
128758
128759
128760
128761
128762
128763
128764
128765
128766
128767
128768
128769
128770
128771
128772
128773
128774
128775
128776
128777
128778
128788
128789
128790
128791
128793
128804
128808
128809
128818
128819
128845
128855
128856
128857
128858
128859
128860
128861
128862
128865
128867
128873
128876
128877
128878
128879
128880
128881
128883
128884
128885
128892
128894
128898
128899
128947
128980
128981
128982
128983
128984
128987
128988
128989
128991
128992
128993
128994
128996
128997
128998
128999
129000
129001
129010
129011
129014
129015
129068
129088
129089
129090
129091
129092
129093
129094
129095
129096
129105
129106
129107
129108
129109
129110
129126
129507
129509
129510
129511
129512
129514
129515
129516
129517
129518
129519
129520
129523
129525
129526
129531
129533
129534
129537
129539
129542
129543
129544
129545
129546
129547
129548
129550
129551
129554
129555
129565
129566
129567
129568
129569
129572
129573
129576
129578
129581
129583
129584
129585
129586
129587
129588
129589
129593
129596
129598
129600
129601
129602
129603
129604
129605
129607
129609
129610
129612
129613
129616
129617
129618
129620
129622
129623
129625
129626
129627
129628
129629
129630
129632
129633
129634
129635
129637
129639
129640
129641
129644
129646
129651
129654
129672
129675
129676
129677
129678
129682
129684
129685
129687
129688
129695
129697
129708
129710
129714
129716
129717
129718
129719
129724
129725
129729
129730
129733
129734
129735
129737
129739
129740
129741
129742
129743
129744
129745
129746
129750
129751
129752
129753
129755
129756
129758
129759
129760
129761
129762
129764
129765
129766
129767
129780
129781
129782
129784
129785
129786
129787
129791
129796
129797
129798
129803
129804
129805
129807
129808
129810
129811
129816
129823
129830
129832
129833
129834
129835
129836
129837
129838
129839
129841
129843
129846
129847
129848
129849
129850
129851
129852
129853
129854
129855
129856
129857
129858
129863
129864
129865
129866
129867
129868
129869
129870
129871
129872
129873
129874
129875
129876
129877
129878
129879
129880
129891
129894
129895
129896
129897
129900
129902
129912
129913
129917
129918
129919
129939
129941
129952
129954
129957
129964
129973
129974
129977
129978
129979
129981
129982
129985
129993
129997
129999
130005
130006
130007
130009
130011
130013
130019
130023
130026
130031
130034
130044
130048
130049
130055
130061
130063
130065
130066
130068
130070
130074
130078
130079
130081
130109
130111
130116
130129
130162
130163
130171
130174
130178
130179
130181
130183
130185
130187
130189
130225
130228
130230
130231
130236
130241
130242
130244
130251
130253
130254
130263
130267
130275
130277
130278
130281
130282
130283
130284
130285
130287
130289
130290
130291
130292
130294
130296
130297
130298
130304
130328
130329
130330
130331
130334
130344
130350
130357
130359
130361
130363
130364
130365
130366
130367
130369
130373
130377
130378
130379
130384
130390
130395
130396
130399
130400
130401
130405
130406
130407
130408
130411
130412
130413
130414
130416
130427
130435
130436
130437
130438
130439
130441
130442
130443
130445
130448
130450
130451
130454
130456
130457
130458
130459
130460
130461
130462
130463
130465
130468
130470
130471
130472
130476
130477
130479
130480
130481
130482
130483
130494
130495
130496
130497
130498
130499
130500
130501
130503
130504
130508
130511
130512
130513
130515
130516
130532
130533
130535
130536
130537
130540
130541
130554
130556
130559
130560
130565
130570
130572
130576
130577
130579
130581
130582
130583
130584
130585
130586
130587
130588
130592
130594
130595
130596
130598
130599
130600
130601
130602
130603
130604
130618
130619
130620
130621
130622
130623
130624
130625
130627
130628
130629
130630
130631
130632
130633
130638
130639
130643
130644
130645
130646
130647
130650
130652
130653
130655
130656
130657
130658
130659
130660
130661
130662
130663
130664
130665
130666
130670
130671
130672
130688
130689
130690
130691
130692
130721
130722
130728
130729
130730
130731
130732
130733
130734
130735
130736
130737
130738
130739
130740
130742
130743
130744
130745
130842
130845
130846
130849
130857
130859
130860
130861
130862
130864
130865
130867
130869
130870
130871
130879
130881
130882
130883
130887
130888
130889
130890
130891
130895
130896
130897
130898
130901
130902
130912
130917
130919
130920
130923
130926
130927
130930
130931
130934
130936
130938
130940
130941
130942
130943
130944
130945
130947
130948
130956
130958
130959
130960
130961
130962
130963
130964
130965
130967
130968
130969
130970
130973
130974
130981
130982
130983
130984
130985
130986
130989
130990
130991
130992
130995
130996
130997
131000
131001
131002
131005
131010
131011
131012
131013
131014
131015
131016
131020
131031
131033
131034
131035
131036
131037
131038
131040
131041
131042
131043
131058
131059
131060
131061
131062
131063
131064
131066
131067
131071
131072
131073
131074
131076
131077
131078
131079
131080
131081
131082
131083
131084
131085
131098
131099
131100
131101
131102
131104
131105
131108
131110
131111
131112
131117
131119
131120
131127
131142
131144
131157
131158
131159
131160
131161
131162
131163
131167
131168
131189
131191
131192
131195
131198
131199
131200
131201
131205
131206
131207
131208
131209
131210
131211
131213
131214
131215
131216
131217
131225
131226
131230
131243
131244
131246
131247
131248
131249
131252
131253
131254
131268
131269
131270
131273
131274
131275
131276
131277
131278
131279
131280
131281
131282
131288
131295
131297
131298
131299
131300
131301
131302
131303
131305
131306
131308
131309
131310
131312
131313
131315
131316
131317
131318
131319
131320
131322
131323
131324
131326
131346
131348
131351
131359
131360
131361
131365
131367
131368
131369
131371
131373
131376
131377
131378
131379
131380
131382
131383
131385
131386
131387
131388
131389
131393
131394
131396
131397
131402
131407
131412
131413
131434
131435
131436
131450
131451
131452
131459
131466
131468
131478
131479
131480
131481
131485
131494
131498
131510
131511
131518
131526
131528
131530
131531
131537
131553
131557
131558
131559
131560
131565
131566
131570
131573
131580
131581
131592
131594
131595
131616
131617
131619
131621
131622
131624
131625
131626
131627
131629
131632
131638
131659
131667
131668
131672
131673
131677
131681
131682
131683
131684
131685
131694
131695
131703
131704
131706
131708
131710
131711
131712
131713
131714
131715
131716
131718
131719
131720
131721
131722
131723
131725
131727
131728
131729
131730
131737
131744
131746
131748
131750
131751
131752
131753
131754
131756
131757
131759
131760
131761
131763
131774
131775
131791
131792
131793
131794
131795
131796
131797
131798
131801
131802
131808
131817
131818
131819
131820
131821
131822
131823
131832
131838
131854
131856
131857
131858
131859
131862
131873
131874
131882
131883
131884
131885
131886
131887
131893
131900
131902
131903
131912
131915
131916
131917
131918
131919
131920
131921
131922
131923
131925
131926
131928
131935
131937
131938
131939
131940
131941
131942
131943
131946
131948
131950
131952
131954
131956
131957
131958
131960
131970
131971
131972
131973
131978
131979
131981
131982
131983
131985
131986
131987
131988
131991
131993
131994
131995
131996
131997
131998
132001
132003
132004
132005
132006
132007
132008
132010
132012
132014
132015
132017
132018
132022
132023
132024
132025
132031
132041
132042
132043
132045
132046
132047
132049
132051
132052
132056
132058
132065
132069
132075
132076
132077
132078
132079
132080
132081
132082
132086
132093
132095
132096
132098
132099
132100
132101
132102
132103
132104
132105
132109
132110
132117
132118
132119
132121
132133
132136
132137
132142
132145
132146
132147
132148
132150
132151
132152
132155
132156
132157
132158
132160
132169
132170
132171
132172
132173
132174
132175
132176
132177
132178
132179
132180
132183
132184
132185
132186
132187
132188
132189
132190
132191
132192
132193
132194
132195
132198
132199
132200
132202
132203
132204
132205
132206
132208
132209
132210
132211
132212
132213
132215
132216
132218
132220
132223
132224
132225
132226
132227
132228
132229
132230
132231
132232
132233
132236
132237
132238
132239
132240
132243
132244
132245
132246
132247
132248
132249
132253
132254
132255
132256
132259
132260
132261
132262
132263
132272
132273
132275
132277
132278
132279
132280
132281
132282
132283
132284
132285
132286
132287
132293
132299
132332
132333
132334
132335
132336
132337
132339
132340
132341
132342
132343
132345
132347
132348
132349
132350
132351
132352
132353
132354
132356
132357
132363
132364
132365
132366
132369
132370
132371
132375
132380
132381
132382
132383
132384
132389
132390
132394
132395
132396
132398
132401
132402
132408
132409
132410
132417
132418
132420
132421
132437
132443
132444
132445
132447
132448
132451
132452
132453
132455
132457
132458
132459
132463
132468
132469
132470
132471
132472
132473
132474
132475
132477
132484
132485
132491
132492
132493
132494
132496
132497
132498
132501
132502
132503
132505
132506
132509
132514
132516
132518
132519
132520
132528
132529
132533
132537
132541
132542
132543
132544
132545
132546
132554
132555
132556
132557
132559
132560
132561
132564
132565
132566
132567
132568
132569
132570
132571
132573
132574
132575
132577
132579
132580
132582
132585
132586
132587
132588
132589
132590
132591
132592
132593
132594
132602
132603
132612
132621
132624
132625
132626
132629
132630
132637
132639
132640
132643
132644
132645
132650
132652
132654
132656
132657
132658
132659
132669
132671
132677
132678
132689
132693
132709
132710
132711
132713
132716
132717
132723
132724
132754
132755
132756
132758
132759
132772
132776
132777
132780
132781
132783
132785
132786
132789
132793
132797
132805
132806
132807
132808
132810
132811
132812
132814
132817
132819
132821
132823
132827
132828
132829
132830
132838
132839
132840
132847
132850
132864
132865
132869
132871
132872
132873
132874
132875
132877
132888
132890
132892
132893
132898
132902
132903
132906
132909
132911
132912
132913
132916
132917
132918
132919
132921
132922
132923
132924
132925
132926
132927
132928
132929
132932
132933
132934
132936
132937
132939
132940
132941
132945
132946
132947
132948
132949
132950
132951
132952
132953
132955
132956
132957
132958
132959
132960
132961
132977
132978
132980
132981
132982
132983
132984
132987
132994
132995
132998
133003
133004
133005
133006
133007
133012
133018
133019
133020
133028
133030
133032
133033
133037
133038
133039
133082
133085
133086
133089
133091
133092
133094
133095
133098
133099
133101
133102
133111
133112
133115
133116
133117
133118
133128
133151
133167
133172
133174
133193
133194
133196
133208
133214
133215
133216
133217
133218
133221
133222
133223
133224
133229
133230
133232
133233
133234
133235
133236
133237
133238
133239
133242
133243
133244
133245
133246
133247
133248
133249
133250
133251
133253
133254
133255
133256
133258
133261
133262
133263
133264
133265
133266
133267
133269
133270
133271
133274
133275
133280
133281
133283
133285
133287
133290
133299
133300
133301
133302
133303
133304
133306
133307
133308
133309
133311
133319
133343
133356
133357
133358
133372
133375
133377
133378
133379
133382
133384
133386
133388
133390
133391
133392
133394
133406
133407
133409
133410
133418
133420
133421
133426
133436
133444
133447
133449
133459
133462
133469
133473
133474
133475
133476
133477
133478
133479
133480
133481
133482
133484
133485
133486
133519
133520
133521
133523
133524
133525
133526
133528
133529
133530
133531
133532
133533
133534
133535
133536
133537
133538
133542
133543
133544
133547
133548
133549
133550
133551
133552
133554
133555
133556
133557
133560
133576
133577
133578
133587
133588
133591
133592
133594
133595
133596
133597
133598
133599
133600
133601
133602
133603
133605
133606
133607
133608
133609
133610
133613
133661
133662
133663
133665
133666
133667
133668
133669
133670
133671
133672
133673
133674
133675
133676
133677
133678
133679
133681
133682
133694
133698
133705
133708
133709
133710
133713
133714
133715
133717
133730
133731
133732
133733
133734
133735
133736
133743
133746
133747
133748
133749
133750
133751
133752
133753
133756
133760
133764
133768
133770
133771
133772
133773
133774
133775
133778
133782
133783
133784
133785
133786
133789
133790
133791
133792
133796
133797
133800
133803
133804
133805
133808
133810
133811
133812
133814
133818
133834
133844
133845
133847
133848
133849
133857
133887
133906
133909
133910
133912
133913
133914
133916
133917
133918
133919
133920
133921
133922
133930
133945
133946
133949
134032
134034
134036
134037
134039
134043
134045
134047
134050
134052
134056
134057
134058
134060
134072
134108
134109
134111
134119
134120
134121
134122
134126
134127
134128
134138
134141
134146
134147
134148
134149
134150
134152
134153
134154
134155
134160
134161
134162
134164
134165
134171
134172
134173
134174
134176
134177
134178
134179
134180
134181
134182
134183
134184
134192
134195
134199
134203
134204
134205
134207
134208
134210
134211
134212
134213
134216
134218
134238
134240
134243
134245
134246
134247
134250
134261
134268
134269
134281
134282
134284
134286
134288
134289
134290
134291
134292
134293
134294
134295
134297
134298
134299
134300
134301
134302
134303
134304
134305
134306
134307
134308
134309
134311
134312
134313
134316
134317
134318
134319
134320
134321
134322
134323
134324
134325
134327
134332
134339
134341
134344
134345
134346
134356
134358
134359
134360
134362
134365
134369
134370
134371
134372
134374
134375
134377
134379
134380
134384
134386
134387
134388
134410
134414
134439
134442
134445
134446
134447
134473
134475
134496
134498
134513
134515
134517
134518
134523
134544
134602
134604
134605
134606
134607
134610
134611
134622
134636
134661
134663
134678
134679
134680
134683
134717
134745
134762
134764
134767
134768
134772
134788
134794
134803
134805
134807
134809
134812
134814
134819
134820
134821
134831
134862
134863
134866
134868
134875
134881
134883
134900
134919
134939
134942
134944
134963
134992
135003
135010
135036
135044
135046
135047
135048
135062
135134
135136
135210
135211
135212
135215
135234
135247
135263
135269
135273
135321
135322
135323
135363
135364
135365
135370
135371
135380
135383
135384
135385
135389
135390
135391
135392
135394
135395
135396
135397
135407
135409
135410
135437
135443
135478
135480
135488
135489
135492
135498
135504
135513
135526
135532
135545
135551
135552
135553
135558
135559
135561
135564
135580
135581
135583
135585
135614
135615
135617
135630
135637
135649
135666
135667
135668
135669
135685
135688
135700
135718
135728
135729
135730
135733
135734
135736
135754
135755
135756
135759
135760
135765
135774
135775
135776
135835
135862
135863
135864
135865
135884
135886
135923
135924
135925
135927
135928
135929
135930
135938
135939
135940
135944
135945
135946
135947
135948
135950
135951
135952
135953
135954
135955
135957
135958
135959
135960
135961
135968
135969
135970
135971
135973
135975
135976
135978
135979
135980
135981
135982
135984
135985
135988
135989
135991
135992
135993
135994
135995
135998
136004
136005
136016
136017
136030
136032
136033
136049
136050
136066
136082
136083
136084
136086
136088
136089
136090
136091
136092
136093
136094
136096
136097
136118
136119
136121
136124
136135
136136
136151
136160
136161
136183
136184
136185
136203
136204
136210
136211
136215
136216
136219
136222
136223
136224
136231
136232
136233
136234
136256
136257
136261
136263
136264
136279
136288
136289
136290
136291
136292
136297
136303
136305
136318
136319
136320
136321
136322
136323
136324
136325
136326
136343
136349
136352
136353
136354
136355
136359
136364
136370
136375
136376
136377
136379
136381
136382
136383
136384
136385
136404
136405
136406
136407
136408
136410
136411
136412
136413
136414
136415
136416
136419
136421
136422
136423
136424
136425
136428
136430
136433
136434
136441
136452
136457
136467
136468
136473
136474
136475
136477
136479
136481
136483
136485
136487
136489
136491
136505
136506
136508
136509
136510
136511
136512
136513
136514
136515
136536
136603
136604
136605
136606
136647
136648
136650
136651
136652
136656
136660
136662
136671
136683
136696
136697
136699
136701
136702
136705
136708
136710
136713
136719
136725
136730
136731
136732
136740
136741
136743
136745
136747
136748
136749
136758
136807
136808
136809
136821
136823
136826
136829
136830
136833
136836
136840
136842
136846
136863
136865
136867
136869
136871
136874
136884
136892
136896
136905
136906
136907
136908
136909
136910
136928
136968
136970
136971
136975
136976
136977
136978
136980
136982
137004
137005
137007
137010
137021
137022
137026
137029
137033
137042
137043
137066
137134
137135
137137
137144
137167
137178
137218
137219
137220
137222
137223
137224
137229
137249
137258
137329
137330
137338
137373
137375
137378
137385
137386
137513
137654
137734
137735
137742
137745
137751
137753
137754
137761
137783
137796
137824
137834
137835
137853
137909
137910
137912
137915
137916
137927
137935
137950
138034
138077
138116
138120
138122
138134
138135
138137
138150
138152
138153
138186
138189
138275
138311
138319
138328
138344
138345
138357
138383
138385
138414
138454
138466
138467
138493
138506
138508
138514
138520
138536
138561
138563
138571
138572
138590
138591
138593
138598
138604
138607
138611
138618
138621
138626
138628
138630
138631
138633
138642
138646
138647
138648
138677
138678
138679
138690
138769
138796
138801
138822
138825
138830
138856
138890
138932
139020
139022
139023
139036
139053
139054
139055
139056
139057
139108
139217
139229
139236
139248
139267
139440
139442
139521
139564
139573
139583
139606
139634
139641
139649
139663
139745
139747
139751
139754
139800
139817
139889
139907
139926
139956
139961
140010
140016
140018
140024
140028
140029
140045
140057
140070
140072
140076
140078
140079
140099
140111
140119
140125
140149
140150
140153
140154
140173
140206
140223
140227
140231
140235
140236
140243
140251
140256
140257
140259
140264
140279
140290
140321
140322
140328
140330
140339
140341
140370
140373
140377
140392
140408
140410
140411
140418
140431
140438
140441
140443
140452
140454
140461
140464
140466
140473
140479
140494
140495
140499
140531
140534
140536
140537
140538
140552
140553
140572
140599
140608
140609
140622
140656
140663
140756
140795
140801
140809
140863
140864
140866
140873
140926
140928
140943
140946
140947
140951
140954
141050
141053
141056
141062
141089
141095
141122
141309
141312
141314
141319
141325
141326
141333
141334
141367
141370
141372
141377
141391
141392
141396
141397
141402
141405
141524
141580
141582
141638
141674
141675
141692
141774
141858
141864
141865
141887
141902
141903
142025
142076
142088
142095
142096
142097
142180
142181
142184
142185
142194
142217
142228
142295
142299
142305
142316
142319
142323
142327
142337
142338
142341
142352
142353
142356
142358
142366
142374
142385
142388
142390
142395
142436
142437
142438
142440
142444
142446
142472
142474
142476
142528
142530
142543
142570
142601
142605
142606
142609
142610
142611
142621
142628
142629
142645
142664
142669
142673
142674
142675
142676
142677
142679
142680
142700
142701
142703
142704
142709
142715
142719
142725
142729
142747
142754
142756
142769
142778
142781
142783
142801
142818
142825
142828
142830
142832
142841
142842
142849
142857
142858
142875
142882
142883
142907
142911
142912
142920
142924
142939
142941
142944
142963
142966
142970
142973
142977
142984
142985
142986
142996
142997
143002
143008
143043
143045
143052
143053
143061
143068
143071
143072
143073
143076
143081
143082
143083
143088
143092
143093
143105
143106
143108
143111
143115
143122
143130
143132
143134
143135
143136
143137
143157
143160
143162
143163
143176
143177
143194
143208
143209
143210
143212
143218
143221
143222
143235
143263
143270
143271
143277
143284
143308
143331
143333
143334
143340
143354
143364
143374
143375
143382
143391
143392
143412
143415
143437
143442
143447
143452
143453
143460
143466
143470
143480
143509
143510
143516
143517
143570
143578
143580
143581
143583
143585
143586
143590
143592
143604
143606
143612
143616
143618
143632
143633
143635
143657
143663
143664
143670
143672
143683
143691
143696
143698
143700
143705
143707
143708
143714
143723
143727
143730
143731
143737
143749
143763
143768
143770
143773
143775
143782
143783
143799
143816
143832
143835
143844
143853
143855
143881
143897
143901
143903
143907
143908
143909
143913
143915
143917
143920
143921
143929
143930
144165
144166
144167
144173
144186
144191
144194
144197
144209
144210
144211
144215
144219
144220
144222
144242
144407
144430
144438
144439
144443
144447
144460
144472
144477
144478
144483
144493
144495
144508
144511
144514
144516
144517
144518
144519
144520
144521
144530
144533
144536
144537
144538
144539
144541
144546
144549
144554
144555
144558
144561
144562
144566
144567
144568
144573
144575
144576
144577
144578
144580
144581
144582
144583
144584
144586
144589
144592
144593
144594
144595
144596
144597
144598
144599
144601
144602
144603
144605
144606
144607
144608
144609
144610
144612
144614
144615
144616
144624
144625
144627
144629
144637
144638
144639
144640
144643
144644
144645
144646
144648
144649
144653
144654
144655
144657
144658
144659
144660
144663
144666
144672
144673
144674
144677
144678
144679
144680
144681
144682
144683
144698
144699
144701
144706
144707
144708
144709
144711
144713
144714
144718
144719
144725
144726
144727
144728
144739
144740
144741
144742
144743
144744
144745
144746
144747
144748
144749
144750
144751
144752
144753
144754
144755
144760
144762
144765
144768
144769
144773
144774
144782
144783
144784
144785
144786
144787
144790
144802
144803
144804
144807
144816
144817
144818
144822
144823
144837
144838
144842
144851
144852
144856
144858
144860
144865
144866
144869
144881
144928
144943
144955
144973
144974
144991
144992
144993
144994
144995
144997
144998
145011
145040
145060
145067
145068
145102
145103
145104
145107
145109
145120
145135
145136
145142
145156
145157
145164
145223
145225
145229
145232
145233
145234
145235
145236
145237
145259
145278
145279
145280
145281
145283
145306
145323
145330
145332
145333
145344
145355
145357
145371
145395
145407
145438
145458
145473
145497
145545
145574
145629
145631
145698
145726
145785
145786
145790
145791
145792
145816
145839
145862
145863
145864
145865
145876
145880
145881
145882
145883
145884
145885
145886
145887
145888
145889
145890
145891
145892
145893
145895
145899
145900
145901
145902
145903
145907
145910
145911
145913
145939
145948
145951
145952
145954
145957
145969
146014
146031
146034
146037
146062
146063
146064
146068
146071
146098
146101
146104
146108
146110
146112
146153
146154
146170
146171
146180
146194
146215
146230
146233
146235
146247
146248
146249
146254
146295
146296
146314
146315
146327
146328
146329
146352
146357
146393
146394
146416
146427
146450
146452
146455
146459
146461
146463
146465
146474
146476
146477
146478
146479
146541
146542
146549
146557
146558
146561
146566
146618
146620
146633
146635
146676
146677
146678
146687
146688
146692
146693
146722
146739
146747
146755
146757
146759
146782
146783
146807
146823
146824
146825
146828
146870
146872
146873
146874
146910
146929
146930
146934
146959
146970
146971
146975
147000
147001
147009
147017
147018
147024
147025
147026
147039
147040
147046
147483
147501
147503
147527
147560
147566
147571
147574
147578
147579
147581
147582
147585
147587
147595
147599
147604
147605
147606
147607
147608
147609
147610
147611
147612
147613
147614
147615
147616
147617
147618
147619
147621
147622
147623
147624
147626
147627
147628
147630
147632
147633
147634
147636
147637
147639
147640
147641
147643
147644
147645
147646
147647
147648
147649
147650
147651
147652
147653
147655
147656
147657
147658
147659
147660
147661
147662
147663
147664
147665
147666
147667
147668
147669
147670
147671
147672
147673
147674
147675
147676
147677
147678
147680
147681
147682
147683
147684
147685
147686
147699
147706
147708
147710
147711
147712
147713
147714
147716
147717
147718
147719
147720
147721
147722
147723
147736
147737
147738
147740
147741
147744
147745
147746
147747
147748
147749
147751
147752
147753
147754
147756
147757
147758
147759
147760
147764
147765
147783
147784
147808
147810
147832
147836
147837
147838
147839
147840
147872
147873
147878
147906
147937
147938
147941
147944
147945
147947
147948
147951
147972
147973
147987
148038
148039
148047
148055
148060
148062
148107
148126
148144
148155
148159
148160
148161
148164
148166
148231
148259
148262
148263
148264
148267
148277
148295
148325
148357
148358
148359
148360
148361
148362
148363
148372
148374
148384
148416
148428
148432
148435
148440
148443
148459
148462
148466
148467
148469
148508
148509
148510
148522
148530
148532
148536
148539
148546
148561
148562
148563
148565
148566
148567
148601
148602
148603
148606
148653
148654
148655
148657
148672
148678
148684
148686
148690
148694
148712
148715
148716
148717
148727
148728
148729
148734
148741
148744
148757
148758
148759
148760
148762
148763
148766
148778
148780
148782
148788
148796
148803
148804
148805
148812
148816
148817
148818
148833
148839
148845
148853
148854
148855
148856
148861
148869
148872
148873
148874
148876
148877
148942
148943
148944
148946
148948
148949
148957
148972
148974
148975
148986
148989
149010
149016
149042
149043
149046
149059
149060
149061
149071
149075
149082
149083
149087
149088
149091
149092
149097
149100
149104
149106
149107
149111
149112
149132
149133
149134
149136
149175
149178
149200
149201
149203
149204
149205
149227
149235
149284
149293
149295
149344
149368
149369
149370
149371
149439
149452
149453
149455
149457
149463
149464
149466
149467
149470
149516
149523
149524
149541
149542
149543
149544
149590
149600
149616
149617
149620
149623
149624
149632
149636
149637
149639
149669
149677
149698
149699
149700
149711
149712
149713
149714
149739
149741
149743
149765
149803
149804
149805
149824
149825
149835
149846
149847
149859
149862
149863
149864
149865
149868
149869
149878
149879
149891
149892
149928
149936
149937
149952
149953
149995
150001
150045
150046
150047
150048
150049
150059
150078
150079
150096
150099
150110
150111
150114
150116
150117
150141
150143
150180
150192
150195
150197
150199
150201
150238
150240
150258
150261
150263
150264
150269
150270
150271
150272
150273
150282
150286
150288
150293
150294
150297
150300
150301
150302
150306
150307
150308
150309
150313
150322
150323
150324
150325
150326
150327
150387
150388
150390
150391
150546
150547
150551
150553
150555
150562
150563
150565
150566
150567
150568
150574
150575
150576
150577
150578
150579
150580
150586
150587
150588
150589
150590
150591
150598
150599
150601
150602
150603
150604
150606
150609
150611
150612
150613
150614
150615
150616
150618
150619
150620
150622
150623
150624
150625
150626
150627
150628
150629
150630
150643
150644
150645
150646
150647
150648
150649
150650
150652
150653
150654
150656
150657
150664
150666
150667
150668
150669
150671
150676
150682
150683
150684
150686
150687
150688
150689
150695
150696
150697
150698
150699
150700
150702
150703
150704
150705
150706
150708
150709
150711
150713
150714
150715
150716
150717
150719
150720
150721
150722
150723
150724
150725
150726
150727
150728
150729
150730
150731
150732
150734
150735
150736
150737
150738
150740
150748
150749
150750
150752
150753
150759
150760
150761
150763
150764
150765
150766
150767
150768
150769
150771
150772
150773
150774
150775
150776
150777
150778
150779
150780
150781
150782
150783
150784
150785
150786
150787
150788
150789
150790
150791
150792
150793
150794
150795
150800
150801
150802
150803
150804
150805
150806
150807
150808
150809
150810
150811
150812
150813
150814
150816
150817
150818
150820
150821
150822
150823
150824
150825
150826
150827
150836
150837
150838
150839
150840
150841
150842
150843
150844
150845
150847
150848
150853
150854
150855
150856
150857
150860
150861
150862
150863
150864
150865
150866
150867
150868
150869
150870
150871
150872
150873
150874
150876
150877
150878
150879
150880
150882
150883
150884
150885
150886
150887
150888
150889
150890
150891
150892
150893
150895
150896
150897
150898
150899
150908
150909
150910
150911
150915
150917
150919
150920
150921
150922
150923
150924
150925
150926
150927
150929
150930
150931
150932
150933
150937
150938
150939
150940
150941
150942
150943
150944
150945
150950
150951
150952
150953
150954
150955
150957
150958
150959
150960
150962
150964
150965
150966
150967
150968
150969
150971
150972
150974
150975
150983
150986
150987
150988
150989
150997
150998
150999
151000
151001
151002
151003
151004
151006
151008
151009
151010
151011
151012
151013
151014
151015
151016
151017
151021
151022
151023
151024
151025
151027
151028
151029
151030
151031
151034
151038
151039
151040
151041
151042
151043
151044
151047
151055
151059
151077
151078
151079
151081
151082
151083
151084
151085
151086
151087
151088
151089
151090
151097
151099
151100
151101
151102
151103
151104
151105
151106
151107
151108
151109
151112
151119
151120
151121
151122
151125
151128
151129
151130
151131
151132
151133
151134
151135
151136
151137
151139
151142
151149
151150
151155
151156
151157
151162
151163
151164
151165
151166
151169
151177
151182
151183
151184
151187
151190
151191
151193
151194
151195
151196
151198
151209
151210
151211
151212
151214
151215
151218
151220
151223
151224
151225
151234
151238
151239
151243
151244
151249
151260
151261
151262
151263
151264
151265
151266
151267
151269
151270
151271
151272
151273
151274
151277
151279
151280
151308
151309
151310
151326
151342
151343
151344
151345
151347
151348
151351
151355
151357
151421
151422
151423
151424
151425
151427
151428
151429
151431
151488
151489
151490
151545
151546
151549
151550
151551
151552
151553
151555
151556
151558
151559
151560
151561
151562
151563
151564
151565
151566
151567
151568
151569
151570
151572
151574
151576
151579
151580
151581
151582
151583
151589
151590
151591
151592
151593
151594
151595
151596
151597
151600
151601
151603
151604
151605
151606
151607
151608
151609
151610
151611
151612
151613
151614
151615
151616
151618
151619
151621
151622
151623
151624
151625
151626
151627
151628
151636
151637
151638
151639
151640
151641
151642
151643
151645
151646
151647
151648
151649
151650
151651
151652
151653
151654
151655
151656
151657
151658
151659
151660
151661
151662
151663
151666
151667
151669
151670
151679
151681
151682
151683
151684
151686
151687
151688
151689
151691
151693
151695
151696
151697
151698
151699
151701
151702
151708
151709
151712
151713
151714
151715
151716
151718
151726
151727
151728
151729
151746
151760
151761
151762
151763
151774
151776
151778
151789
151799
151806
151814
151816
151825
151828
151831
151834
151859
151862
151863
151868
151869
151871
151872
151873
151874
151875
151876
151877
151878
151880
151881
151890
151891
151892
151893
151894
151896
151897
151898
151900
151901
151902
151903
151904
151905
151906
151907
151909
151914
151915
151916
151917
151918
151919
151920
151921
151922
151923
151924
151925
151926
151927
151934
151938
151939
151940
151941
151942
151943
151944
151945
151946
151947
151948
151949
151951
151952
151953
151954
151955
151966
151967
151972
151973
151975
151976
151977
151978
151979
151980
151981
151982
151983
151984
151985
151986
151987
151988
151989
151990
151991
151992
151993
151994
151995
151996
151997
151998
151999
152008
152010
152011
152013
152014
152015
152016
152017
152018
152019
152020
152021
152022
152023
152024
152025
152026
152027
152028
152029
152030
152031
152032
152033
152040
152042
152065
152087
152092
152094
152132
152133
152134
152148
152149
152157
152158
152221
152222
152242
152243
152244
152252
152253
152254
152255
152258
152259
152270
152271
152276
152277
152281
152284
152286
152289
152290
152292
152293
152294
152296
152298
152302
152305
152306
152311
152314
152321
152323
152324
152385
152386
152392
152393
152394
152395
152406
152412
152425
152426
152427
152428
152429
152431
152432
152433
152434
152435
152436
152439
152443
152444
152445
152446
152447
152448
152449
152451
152455
152456
152470
152471
152473
152480
152482
152483
152491
152492
152493
152495
152497
152499
152500
152501
152502
152504
152505
152513
152514
152516
152519
152521
152522
152524
152528
152529
152531
152533
152534
152535
152536
152537
152540
152541
152548
152550
152551
152552
152553
152554
152557
152558
152559
152560
152561
152562
152563
152564
152565
152566
152567
152570
152573
152578
152579
152581
152582
152583
152584
152586
152592
152593
152594
152595
152596
152597
152598
152599
152600
152601
152602
152603
152604
152628
152629
152631
152632
152634
152635
152636
152637
152638
152642
152644
152646
152648
152649
152650
152651
152652
152653
152654
152655
152656
152658
152662
152664
152666
152667
152671
152672
152673
152674
152675
152676
152677
152678
152680
152682
152683
152684
152686
152687
152688
152689
152691
152694
152695
152696
152697
152698
152699
152700
152701
152704
152705
152706
152713
152716
152723
152726
152727
152728
152729
152731
152732
152733
152737
152738
152739
152741
152744
152760
152761
